preContext:44100
postContext:44100
pctMostCommon:0.588235
yinStdDev:3.51788
yinFFTStdDev:1.44771
meloStdDev:0.730894
meloKurtosis:-0.536468
yinAgree:1
yinFFTAgree:1
