preContext:44100
postContext:44100
pctMostCommon:0.789474
yinStdDev:1.95982
yinFFTStdDev:0.662542
meloStdDev:0.65146
meloKurtosis:3.2146
yinAgree:0.973684
yinFFTAgree:0.973684
