preContext:44100
postContext:44100
pctMostCommon:0.384615
yinStdDev:1.68929
yinFFTStdDev:1.10663
meloStdDev:1.02045
meloKurtosis:-1.5596
yinAgree:1
yinFFTAgree:1
