preContext:44100
postContext:44100
pctMostCommon:0.592593
yinStdDev:1.00534
yinFFTStdDev:0.995141
meloStdDev:0.238871
meloKurtosis:1.16983
yinAgree:1
yinFFTAgree:1
