preContext:44100
postContext:44100
pctMostCommon:0.727273
yinStdDev:2.80613
yinFFTStdDev:5.37477
meloStdDev:0.0699501
meloKurtosis:0.750449
yinAgree:1
yinFFTAgree:0.8
