preContext:44100
postContext:44100
pctMostCommon:0.489362
yinStdDev:7.71115
yinFFTStdDev:0.501212
meloStdDev:0.445892
meloKurtosis:1.24499
yinAgree:0.914894
yinFFTAgree:1
