preContext:44100
postContext:44100
pctMostCommon:0.956522
yinStdDev:6.01526
yinFFTStdDev:2.86925
meloStdDev:0.113211
meloKurtosis:-0.86284
yinAgree:0.73913
yinFFTAgree:1
