preContext:44100
postContext:44100
pctMostCommon:0.678571
yinStdDev:7.57425
yinFFTStdDev:0.426645
meloStdDev:0.462187
meloKurtosis:-1.03484
yinAgree:0.857143
yinFFTAgree:1
