preContext:44100
postContext:44100
pctMostCommon:0.714286
yinStdDev:16.5028
yinFFTStdDev:15.6345
meloStdDev:0.52065
meloKurtosis:-0.220909
yinAgree:0.964286
yinFFTAgree:0.928571
