preContext:44100
postContext:44100
pctMostCommon:0.652778
yinStdDev:6.68245
yinFFTStdDev:2.83186
meloStdDev:0.783435
meloKurtosis:1.19571
yinAgree:0.597222
yinFFTAgree:1
