preContext:44100
postContext:44100
pctMostCommon:0.769231
yinStdDev:5.46674
yinFFTStdDev:6.06332
meloStdDev:0.126165
meloKurtosis:-0.236153
yinAgree:0.461538
yinFFTAgree:0
