preContext:44100
postContext:44100
pctMostCommon:0.428571
yinStdDev:5.01926
yinFFTStdDev:0.905895
meloStdDev:0.918263
meloKurtosis:-1.66131
yinAgree:0.821429
yinFFTAgree:1
