preContext:44100
postContext:44100
pctMostCommon:0.894737
yinStdDev:9.34236
yinFFTStdDev:0.603469
meloStdDev:0.108216
meloKurtosis:0.796649
yinAgree:1
yinFFTAgree:1
