preContext:44100
postContext:44100
pctMostCommon:0.604167
yinStdDev:6.46151
yinFFTStdDev:4.0045
meloStdDev:0.660178
meloKurtosis:0.852434
yinAgree:0.541667
yinFFTAgree:1
