preContext:44100
postContext:44100
pctMostCommon:0.576923
yinStdDev:0.497818
yinFFTStdDev:19.3885
meloStdDev:0.493573
meloKurtosis:-0.799226
yinAgree:1
yinFFTAgree:0
