preContext:44100
postContext:44100
pctMostCommon:0.655172
yinStdDev:8.89629
yinFFTStdDev:0.745511
meloStdDev:0.292461
meloKurtosis:5.26939
yinAgree:0.655172
yinFFTAgree:1
