preContext:44100
postContext:44100
pctMostCommon:0.615385
yinStdDev:11.0319
yinFFTStdDev:15.0582
meloStdDev:0.182564
meloKurtosis:-1.2925
yinAgree:1
yinFFTAgree:0.961538
