preContext:44100
postContext:44100
pctMostCommon:0.5
yinStdDev:12.4711
yinFFTStdDev:9.98931
meloStdDev:0.412707
meloKurtosis:5.88804
yinAgree:0
yinFFTAgree:0.933333
