preContext:44100
postContext:44100
pctMostCommon:0.5
yinStdDev:0.331329
yinFFTStdDev:12.5669
meloStdDev:0.412707
meloKurtosis:5.88804
yinAgree:1
yinFFTAgree:0
