preContext:44100
postContext:44100
pctMostCommon:0.4
yinStdDev:4.01499
yinFFTStdDev:1.33832
meloStdDev:0.833168
meloKurtosis:-1.34093
yinAgree:1
yinFFTAgree:1
