preContext:44100
postContext:44100
pctMostCommon:0.71875
yinStdDev:8.14868
yinFFTStdDev:0.458385
meloStdDev:0.232662
meloKurtosis:0.469914
yinAgree:0.65625
yinFFTAgree:1
