preContext:44100
postContext:44100
pctMostCommon:0.923077
yinStdDev:8.40129
yinFFTStdDev:0.439341
meloStdDev:0.284316
meloKurtosis:-0.330073
yinAgree:0.807692
yinFFTAgree:1
