preContext:44100
postContext:44100
pctMostCommon:0.586207
yinStdDev:6.89038
yinFFTStdDev:4.13742
meloStdDev:0.429335
meloKurtosis:1.43885
yinAgree:0.0344828
yinFFTAgree:0.965517
