preContext:44100
postContext:44100
pctMostCommon:0.555556
yinStdDev:7.18383
yinFFTStdDev:0.536723
meloStdDev:0.432872
meloKurtosis:-1.34797
yinAgree:0
yinFFTAgree:1
