preContext:44100
postContext:44100
pctMostCommon:0.615385
yinStdDev:3.25075
yinFFTStdDev:0.531476
meloStdDev:0.525246
meloKurtosis:2.80583
yinAgree:1
yinFFTAgree:1
