preContext:44100
postContext:44100
pctMostCommon:1
yinStdDev:6.44128
yinFFTStdDev:12.7632
meloStdDev:0.381342
meloKurtosis:-1.53173
yinAgree:0
yinFFTAgree:0.878788
