preContext:44100
postContext:44100
pctMostCommon:0.576923
yinStdDev:0.823364
yinFFTStdDev:0.944536
meloStdDev:0.79522
meloKurtosis:-0.443321
yinAgree:1
yinFFTAgree:1
