preContext:44100
postContext:44100
pctMostCommon:0.7
yinStdDev:1.40214
yinFFTStdDev:3.54981
meloStdDev:0.490924
meloKurtosis:-0.171179
yinAgree:1
yinFFTAgree:1
