preContext:44100
postContext:44100
pctMostCommon:0.481481
yinStdDev:12.9658
yinFFTStdDev:1.27405
meloStdDev:0.602685
meloKurtosis:-1.11648
yinAgree:0.962963
yinFFTAgree:1
