preContext:44100
postContext:44100
pctMostCommon:0.538462
yinStdDev:8.32556
yinFFTStdDev:8.60818
meloStdDev:0.473065
meloKurtosis:-1.72181
yinAgree:0.923077
yinFFTAgree:0.923077
