preContext:44100
postContext:44100
pctMostCommon:0.423077
yinStdDev:1.16909
yinFFTStdDev:5.25365
meloStdDev:1.32455
meloKurtosis:-0.450023
yinAgree:1
yinFFTAgree:0.884615
