preContext:44100
postContext:44100
pctMostCommon:0.538462
yinStdDev:2.47513
yinFFTStdDev:4.65987
meloStdDev:0.692827
meloKurtosis:-0.574344
yinAgree:1
yinFFTAgree:1
