preContext:44100
postContext:44100
pctMostCommon:0.404762
yinStdDev:5.79368
yinFFTStdDev:5.88458
meloStdDev:0.787235
meloKurtosis:-1.09312
yinAgree:0.714286
yinFFTAgree:0.714286
