preContext:44100
postContext:44100
pctMostCommon:0.814815
yinStdDev:11.5306
yinFFTStdDev:6.6951
meloStdDev:0.469601
meloKurtosis:1.86034
yinAgree:0.0740741
yinFFTAgree:0.666667
