preContext:44100
postContext:44100
pctMostCommon:0.366667
yinStdDev:10.0953
yinFFTStdDev:13.4618
meloStdDev:1.15341
meloKurtosis:0.00665283
yinAgree:1
yinFFTAgree:0.966667
