preContext:44100
postContext:44100
pctMostCommon:0.615385
yinStdDev:0.732173
yinFFTStdDev:0.808475
meloStdDev:0.753962
meloKurtosis:2.0594
yinAgree:1
yinFFTAgree:1
