preContext:44100
postContext:44100
pctMostCommon:1
yinStdDev:10.0975
yinFFTStdDev:16.0833
meloStdDev:0.290648
meloKurtosis:-1.54433
yinAgree:1
yinFFTAgree:0.181818
