preContext:44100
postContext:44100
pctMostCommon:0.6
yinStdDev:10.4002
yinFFTStdDev:4.77952
meloStdDev:0.493286
meloKurtosis:-0.963245
yinAgree:0
yinFFTAgree:0.966667
