preContext:44100
postContext:44100
pctMostCommon:0.933333
yinStdDev:9.05183
yinFFTStdDev:5.9714
meloStdDev:0.150488
meloKurtosis:4.33373
yinAgree:0.733333
yinFFTAgree:0.644444
