preContext:44100
postContext:44100
pctMostCommon:0.808511
yinStdDev:19.0331
yinFFTStdDev:6.9292
meloStdDev:0.380915
meloKurtosis:0.51034
yinAgree:0.702128
yinFFTAgree:0.553191
