preContext:44100
postContext:44100
pctMostCommon:0.461538
yinStdDev:17.5913
yinFFTStdDev:6.9104
meloStdDev:0.500151
meloKurtosis:-1.95007
yinAgree:0
yinFFTAgree:0
