preContext:44100
postContext:44100
pctMostCommon:0.8125
yinStdDev:10.3139
yinFFTStdDev:7.13817
meloStdDev:0.248752
meloKurtosis:2.21764
yinAgree:0.78125
yinFFTAgree:0.5625
