preContext:44100
postContext:44100
pctMostCommon:0.466667
yinStdDev:1.45902
yinFFTStdDev:9.85937
meloStdDev:0.465418
meloKurtosis:-1.321
yinAgree:1
yinFFTAgree:0
