preContext:44100
postContext:44100
pctMostCommon:0.384615
yinStdDev:1.1981
yinFFTStdDev:1.06306
meloStdDev:1.27979
meloKurtosis:1.91583
yinAgree:1
yinFFTAgree:1
