preContext:44100
postContext:44100
pctMostCommon:0.5
yinStdDev:1.38564
yinFFTStdDev:1.5596
meloStdDev:0.960258
meloKurtosis:1.99242
yinAgree:0
yinFFTAgree:0
