preContext:44100
postContext:44100
pctMostCommon:0.382353
yinStdDev:0.943715
yinFFTStdDev:0.923658
meloStdDev:0.959226
meloKurtosis:1.97288
yinAgree:1
yinFFTAgree:1
